89874
1738
8050
1743
4967
1312
218
220
221
222
3242
1644
4128
4129
6817
6799
224
216
223
2348
6573
65985
51166
18
39
38
3032
3030
32
31
47
34
36
3712
27034
48
50
55902
438
100
3177
203
204
50808
112
109
111
132
2030
11164
353
6571
9060
9061
158
122622
191
471
10606
6520
56301
23464
211
212
84706
2875
126
124
125
284273
131
130
128
127
137872
239
246
247
240
231
10327
8574
271
290
383
435
445
6541
9962
6510
80150
2805
2806
6505
953
954
955
956
957
513
514
515
516
517
518
10632
521
522
10476
9551
498
4905
506
509
635
23743
644
645
10599
10380
1374
1376
788
490
493
847
1373
10257
10057
5130
9468
60482
6584
6582
10166
9058
284111
65010
1371
6537
6535
6583
1431
7263
4512
4513
1346
1347
9167
1349
1350
9377
1351
125965
1345
4514
1329
341947
1327
170712
1337
1339
1340
84701
1537
29796
4519
27089
7381
7384
7385
7386
7388
10975
23657
51727
6515
1808
29958
26002
1621
5224
669
5223
64080
1806
1892
549
2026
2027
2023
2108
2109
2110
2180
2181
51703
2182
35
2194
11000
376497
10999
10998
226
230
2203
8789
5207
5208
5209
5210
2235
2356
155184
6514
66035
29988
6518
200010
4522
2184
1468
2271
2819
2820
2539
57818
92579
2538
2542
2593
2584
2592
7360
2597
2618
8836
2655
2992
8908
2997
2998
2687
6470
2987
2632
144195
56606
11182
178
2752
5834
5836
5837
2729
2730
2571
2572
2746
2744
27165
5471
2639
2628
6539
2712
2710
3029
51292
2766
5226
2936
2876
5052
7001
2879
257202
2878
10935
2937
2678
2977
2983
2982
2974
2984
2986
4881
4882
3000
3251
760
377677
759
3033
3028
6521
6522
9497
3098
3099
3101
3081
11112
3067
11254
54407
55089
3145
3155
3162
3163
3419
3420
3421
3417
3418
586
8501
124935
3614
3615
55586
6526
115584
3795
9194
9123
197257
3945
3939
3948
92483
55293
160287
2739
4056
4258
4259
2954
56922
64087
4357
4190
4191
4200
27430
4144
4143
8140
81539
3632
3633
3635
3628
3612
84693
4594
4329
10797
25902
4524
51079
374291
55967
7991
4536
4537
4538
4539
4540
4541
4535
126328
4694
4695
4696
4697
4698
4700
4701
4702
4704
4705
4706
4707
4708
4709
4710
4711
4712
4713
4714
4715
4716
4717
4718
4719
4720
4722
4723
4724
4725
4726
4728
4729
4731
952
124583
4831
4830
4832
10201
29922
4833
23057
349565
5409
4843
4846
6818
22978
93034
51251
4907
481
478
477
23439
476
483
480
482
5009
5019
594
593
1629
26873
4942
5831
5144
5139
5145
5146
5147
5158
5148
5149
5152
5153
8654
5136
5137
5138
5140
50940
10846
5161
5162
1737
5160
5214
5211
5213
5730
27306
2821
5232
5230
25796
55276
5236
5742
5743
113235
117247
2544
4860
5464
210
5096
5095
5498
8288
5198
6578
6534
5634
221823
5631
5313
5315
7378
151531
54981
22934
10157
1757
6652
2098
284129
115111
115019
1836
10861
116369
1811
26266
6561
56848
6647
6648
6532
7915
412
64849
6392
6389
6390
6391
8801
8802
6821
6888
5092
9154
64078
7086
1890
7167
121278
7166
6916
7054
7299
2582
7390
7389
51733
6528
8170
6563
6523
83549
9153
7498
9942
51181
57678
11343
5321
1178
29124
137964
56894
10554
10555
55326
56895
8611
8612
8613
10390
81490
9791
56994
5320
8398
1606
1607
1608
1609
9162
8525
8526
8527
160851
4023
1040
10423
113026
23236
84812
257068
9651
89869
5330
5331
5332
5333
5334
5335
5336
51196
23007
5297
5298
55361
5286
5287
5288
5290
5291
5293
5294
23533
5296
10870
8503
5295
8394
8395
23396
200576
8396
5305
79837
5728
5049
5050
5048
5051
6566
206358
5625
291
292
293
343
142680
8803
8034
6005
57127
