0.0,13.9392358748511
0.005,13.9392358748511
0.01,13.9392358748511
0.015,13.9392358748511
0.02,13.9392358748511
0.025,13.9392358748511
0.03,13.9392358748511
0.035,13.9392358748511
0.04,13.9392358748511
0.045,13.9392358748511
0.05,13.989050229472458
0.055,13.947556025200804
0.06,14.140299394929096
0.065,13.957034749522661
0.07,14.070115828789694
0.075,14.0721818620184
0.08,14.072182105971116
0.085,14.072182349932199
0.09,14.072182593901653
0.095,14.072182837879476
0.1,14.072183081865674
0.105,14.072183325860243
0.11,14.07218356986318
0.115,14.072183813874487
0.12,14.07218405789417
0.125,14.07218430192222
0.13,14.072184545958642
0.135,14.072184790003439
0.14,14.072185034056599
0.145,14.072185278118136
0.15,14.072185522188041
0.155,14.072185766266315
0.16,14.072186010352963
0.165,14.072186254447987
0.17,14.072186498551375
0.175,14.072186620606207
0.18,14.072186742663138
0.185,14.072186864722156
0.19,14.072186986783265
0.195,14.072187108846471
0.2,14.072187230911773
0.205,14.072187352979162
0.21,14.072187475048645
0.215,14.072187597120221
0.22,14.072187719193895
0.225,14.07218784126965
0.23,14.07218796334751
0.235,14.072188085427456
0.24,14.072188207509498
0.245,14.072188329593631
0.25,14.072188451679857
0.255,14.072188573768173
0.26,14.072188695858582
0.265,14.072188817951087
0.27,14.072188940045685
0.275,14.072189062142375
0.28,14.072189184241164
0.285,14.07218930634203
0.29,14.072189428445004
0.295,14.072189550550062
0.0,13.9392358748511
0.005,13.9392358748511
0.01,13.9392358748511
0.015,13.9392358748511
0.02,13.9392358748511
0.025,13.989050229472458
0.03,13.947556025200804
0.0,13.9392358748511
0.005,13.9392358748511
0.01,13.9392358748511
0.015,13.9392358748511
0.02,13.9392358748511
0.025,13.989050229472458
0.03,13.947556025200804
0.035,13.947554863911282
0.04,13.957034749522661
0.045,14.070115828789694
0.05,13.94126277833425
0.055,13.941263232057741
0.06,13.929789920821067
0.065,13.956977686454307
0.07,13.956990828270078
0.075,13.957003365798696
0.08,13.957015324106056
0.085,13.957026727506719
0.09,14.07010931248548
0.095,14.070118144223557
0.1,14.072179810504915
0.105,14.07218005108015
0.11,14.072180291663527
0.115,14.07218053225505
0.12,14.07218077285472
0.125,14.072181013462535
0.13,14.072181254078487
0.135,14.072181494702598
0.14,14.072181735334848
0.145,14.072181975975237
0.15,14.072182216623778
0.155,14.07218245728046
0.16,14.07218269794529
0.165,14.07218293861826
0.17,14.072183179299385
0.175,14.072183419988646
0.18,14.072183660686052
0.185,14.07218390139161
0.19,14.072184142105305
0.195,14.072184382827148
0.2,14.072184503191124
0.205,14.07218462355714
0.21,14.072184743925183
0.215,14.072184864295272
0.22,14.072184984667395
0.225,14.07218510504155
0.23,14.072185225417742
0.235,14.072185345795976
0.24,14.072185466176242
0.245,14.072185586558543
0.25,14.072185706942879
0.255,14.072185827329255
0.26,14.072185947717673
0.265,14.072186068108119
0.27,14.072186188500599
0.275,14.072186308895118
0.28,14.072186429291673
0.285,14.072186549690269
0.29,14.072186670090897
0.295,14.072186790493566
0.0,13.9392358748511
0.005,13.9392358748511
0.01,13.9392358748511
0.015,13.9392358748511
0.02,13.9392358748511
0.025,13.989050229472458
0.03,14.140299604768481
0.035,14.140299208928207
0.04,14.070111895742249
0.045,14.072185282101614
0.05,14.072185531800436
0.055,14.072185781508018
0.0,13.9392358748511
0.005,13.9392358748511
0.01,13.9392358748511
0.015,13.9392358748511
0.02,13.9392358748511
0.025,13.909536230948852
0.03,13.909535828541468
0.035,13.909535426493537
0.04,13.909535024805061
0.045,13.90953462347604
0.05,13.909534222506474
0.055,13.909533821896359
0.0,13.9392358748511
0.005,13.9392358748511
0.01,13.9392358748511
0.015,13.9392358748511
0.02,13.9392358748511
0.025,13.909536230948852
0.03,13.909535828541468
0.035,13.909535426493537
0.04,13.909535024805061
0.045,13.90953462347604
0.05,13.909534222506474
0.055,13.909533821896359
0.0,13.9392358748511
0.005,13.9392358748511
0.01,13.9392358748511
0.0194,14.065548633391142
0.0244,14.065476845748652
0.029400000000000003,14.06540509328798
0.0344,14.065333376009667
0.039400000000000004,14.051909266049162
0.0444,14.051837551056384
0.0494,14.051765871280317
0.054400000000000004,14.051694226721498
0.0,13.9392358748511
0.005,13.9392358748511
0.01,13.9392358748511
0.0167,14.065548633391142
0.0217,14.065476845748652
0.0267,14.06540509328798
0.0317,14.065333376009667
0.036699999999999997,14.051909266049162
0.0417,14.051837551056384
0.0467,14.051765871280317
0.0517,14.051694226721498
0.0,13.9392358748511
0.005,13.9392358748511
0.01,13.9392358748511
0.0167,14.065548633391142
0.0217,1.6306068450403846
0.0267,14.10085834701499
0.0317,14.100858249290502
0.036699999999999997,14.100858054330505
0.0417,14.100857860345778
0.0467,14.100857667331441
0.0517,14.100857475282638
0.0,13.9392358748511
0.005,13.9392358748511
0.01,13.9392358748511
0.0167,14.004201690777434
0.0217,0.8204873990041305
0.0267,13.975910963823608
0.0317,13.975877004596244
0.036699999999999997,0.8204692482308908
0.0417,13.97588279100113
0.0467,13.975848839636617
0.0517,0.8204495245245518
0.0,13.9392358748511
0.005,13.9392358748511
0.01,13.9392358748511
0.0167,13.968219827737833
0.0217,14.009711203691738
0.0267,14.009711206896812
0.0317,14.009711210102527
0.036699999999999997,14.009711213308883
0.0417,14.017825235107246
0.0467,14.009711201388463
0.0517,14.009711204593074
0.0,13.9392358748511
0.005,13.9392358748511
0.01,13.9392358748511
0.0167,14.091949668608878
0.0217,14.009711203691738
0.0267,14.009711206896812
0.0317,14.009711210102527
0.036699999999999997,14.009711213308883
0.0417,14.025643488403512
0.0467,14.009711201388463
0.0517,14.009711204593074
0.0,13.9392358748511
0.005,13.9392358748511
0.01,13.9392358748511
0.0167,13.909536230948852
0.0217,14.009711203691738
0.0267,14.009711206896812
0.0317,14.009711210102527
0.036699999999999997,14.009711213308883
0.0417,14.03429519218544
0.0467,14.009711203688212
0.0517,14.009711206893286
0.0,13.9392358748511
0.001,13.9392358748511
0.002,13.9392358748511
0.003,13.9392358748511
0.004,13.9392358748511
0.005,13.9392358748511
0.006,13.9392358748511
0.007,13.9392358748511
0.008,13.9392358748511
0.009000000000000001,13.9392358748511
0.01,13.9392358748511
0.011,13.9392358748511
0.012,13.9392358748511
0.013000000000000001,13.9392358748511
0.014,13.9392358748511
0.015,13.9392358748511
0.0167,13.989544399473486
0.0177,13.989544399393171
0.0187,13.98954439931286
0.0197,13.98954439923255
0.0207,13.98954439915224
0.0217,13.989544399071933
0.022699999999999998,13.989544398991628
0.0237,13.989544398911324
0.0247,13.989544398831022
0.0257,13.98954439875072
0.0267,13.989544398670422
0.0277,13.989544398590123
0.0287,13.989544398509828
0.0297,13.989544398429533
0.030699999999999998,13.98954439834924
0.0317,13.989544398268949
0.0327,14.009711213688337
0.0337,14.009715222489334
0.0347,14.009715222569506
0.035699999999999996,14.009715222649678
0.036699999999999997,14.009715222729852
0.0377,14.009715222810025
0.0387,14.009715222890199
0.0397,14.009715222970373
0.0407,14.009715223050545
0.0417,14.00971522313072
0.0427,14.009715223210891
0.0437,14.009715223291066
0.044700000000000004,14.009715223371238
0.045700000000000005,14.009715223451412
0.0467,14.009715223531584
0.0477,14.009715223611758
0.0487,14.00971522369193
0.0497,14.009715223772105
0.0507,14.009715223852277
0.0517,14.00971522392353
0.052700000000000004,14.009715223963616
0.0537,14.009715224003703
0.0547,14.00971522404379
0.0557,14.009715224083877
0.0567,14.009715224123962
0.0577,14.009715224164049
0.0587,14.009715224204136
0.0,13.9392358748511
0.001,13.9392358748511
0.002,13.9392358748511
0.003,13.9392358748511
0.004,13.9392358748511
0.005,13.9392358748511
0.006,13.9392358748511
0.007,13.9392358748511
0.008,13.9392358748511
0.009000000000000001,13.9392358748511
0.01,13.9392358748511
0.011,13.9392358748511
0.012,13.9392358748511
0.013000000000000001,13.9392358748511
0.014,13.9392358748511
0.015,13.9392358748511
0.0167,13.989544399473486
0.0177,13.989544399393171
0.0187,13.98954439931286
0.0197,13.98954439923255
0.0207,13.98954439915224
0.0217,13.989544399071933
0.022699999999999998,13.989544398991628
0.0237,13.989544398911324
0.0247,13.989544398831022
0.0257,13.98954439875072
0.0267,13.989544398670422
0.0277,13.989544398590123
0.0287,13.989544398509828
0.0297,13.989544398429533
0.030699999999999998,13.98954439834924
0.0317,13.989544398268949
0.0327,14.028254576145114
0.0337,14.028254576145754
0.0347,14.028254576146395
0.035699999999999996,14.028254576147035
0.036699999999999997,14.028254576147676
0.0377,13.989544558848314
0.0387,14.028254576145754
0.0397,14.028254576146395
0.0407,14.028254576147035
0.0417,14.028254576147676
0.0427,13.989544558848314
0.0437,14.028254576145754
0.044700000000000004,14.028254576146395
0.045700000000000005,14.028254576147035
0.0467,14.028254576147676
0.0477,13.989544558848314
0.0487,14.028254576145754
0.0497,14.028254576146395
0.0507,14.028254576147035
0.0517,14.028254576147676
0.052700000000000004,13.989544558848314
0.0537,14.028254576145754
0.0547,14.028254576146395
0.0557,14.028254576147035
0.0567,14.028254576147676
0.0577,13.989544558848314
0.0587,14.028254576145754
0.0,13.9392358748511
0.001,13.9392358748511
0.002,13.9392358748511
0.003,13.9392358748511
0.004,13.9392358748511
0.005,13.9392358748511
0.006,13.9392358748511
0.007,13.9392358748511
0.008,13.9392358748511
0.009000000000000001,13.9392358748511
0.01,13.9392358748511
0.011,13.9392358748511
0.012,13.9392358748511
0.013000000000000001,13.9392358748511
0.014,13.9392358748511
0.015,13.9392358748511
0.0167,13.989544399473486
0.0177,13.989544399393171
0.0187,13.98954439931286
0.0197,13.98954439923255
0.0207,13.98954439915224
0.0217,13.989544399071933
0.022699999999999998,13.989544398991628
0.0237,13.989544398911324
0.0247,13.989544398831022
0.0257,13.98954439875072
0.0267,13.989544398670422
0.0277,13.989544398590123
0.0287,13.989544398509828
0.0297,13.989544398429533
0.030699999999999998,13.98954439834924
0.0317,13.989544398268949
0.0327,14.00969662222669
0.0337,14.009696622244006
0.0347,13.999942596883756
0.035699999999999996,14.009696622249779
0.036699999999999997,13.999942596905578
0.0377,13.999942596873485
0.0387,14.009696622244006
0.0397,13.999942596883756
0.0407,14.009696622249777
0.0417,13.999942596905576
0.0427,13.999942596873483
0.0437,14.009696622244006
0.044700000000000004,13.999942596883752
0.045700000000000005,14.009696622249777
0.0467,13.999942596905575
0.0477,13.999942596873483
0.0487,14.009696622244006
0.0497,13.99994259688375
0.0507,14.009696622249777
0.0517,13.999942596905573
0.052700000000000004,13.999942596873481
0.0537,14.009696622244006
0.0547,13.999942596883749
0.0557,14.009696622249777
0.0567,13.999942596905571
0.0577,13.999942596873478
0.0587,14.009696622244004
0.0,13.9392358748511
0.001,13.9392358748511
0.002,13.9392358748511
0.003,13.9392358748511
0.004,13.9392358748511
0.005,13.9392358748511
0.006,13.9392358748511
0.007,13.9392358748511
0.008,13.9392358748511
0.009000000000000001,13.9392358748511
0.01,13.9392358748511
0.011,13.9392358748511
0.012,13.9392358748511
0.013000000000000001,13.9392358748511
0.014,13.9392358748511
0.015,13.9392358748511
0.0167,13.989544399473486
0.0177,13.989544399393171
0.0187,13.98954439931286
0.0197,13.98954439923255
0.0207,13.98954439915224
0.0217,13.989544399071933
0.022699999999999998,13.989544398991628
0.0237,13.989544398911324
0.0247,13.989544398831022
0.0257,13.98954439875072
0.0267,13.989544398670422
0.0277,13.989544398590123
0.0287,13.989544398509828
0.0297,13.989544398429533
0.030699999999999998,13.98954439834924
0.0317,13.989544398268949
0.0327,14.009711213688337
0.0337,14.009715222489334
0.0347,14.009715222569506
0.035699999999999996,14.009715222649678
0.036699999999999997,14.009715222729852
0.0377,14.009715222810025
0.0387,14.009715222890199
0.0397,14.009715222970373
0.0407,14.009715223050545
0.0417,14.00971522313072
0.0427,14.009715223210891
0.0437,14.009715223291066
0.044700000000000004,14.009715223371238
0.045700000000000005,14.009715223451412
0.0467,14.009715223531584
0.0477,14.009715223611758
0.0487,14.00971522369193
0.0497,14.009715223772105
0.0507,14.009715223852277
0.0517,14.00971522392353
0.052700000000000004,14.009715223963616
0.0537,14.009715224003703
0.0547,14.00971522404379
0.0557,14.009715224083877
0.0567,14.009715224123962
0.0577,14.009715224164049
0.0587,14.009715224204136
0.0,13.9392358748511
0.001,13.9392358748511
0.002,13.9392358748511
0.003,13.9392358748511
0.004,13.9392358748511
0.005,13.9392358748511
0.006,13.9392358748511
0.007,13.9392358748511
0.008,13.9392358748511
0.009000000000000001,13.9392358748511
0.01,13.9392358748511
0.011,13.9392358748511
0.012,13.9392358748511
0.013000000000000001,13.9392358748511
0.014,13.9392358748511
0.015,13.9392358748511
0.0167,13.989543636489561
0.0177,13.989543636431012
0.0187,13.989543636372463
0.0197,13.989543636313918
0.0207,13.989543636255373
0.0217,13.989543636196828
0.022699999999999998,13.989543636138285
0.0237,13.989543636079743
0.0247,13.989543636021201
0.0257,13.98954363596266
0.0267,13.989543635904122
0.0277,13.989543635845584
0.0287,13.989543635787046
0.0297,13.98954363572851
0.030699999999999998,13.989543635669975
0.0317,14.00971121449009
0.0327,14.009714461781348
0.0337,14.009714461852786
0.0347,14.009714461924224
0.035699999999999996,14.009714461995664
0.036699999999999997,14.009714462067102
0.0377,14.00971446213854
0.0387,14.00971446220998
0.0397,14.00971446228142
0.0407,14.009714462352857
0.0417,14.009714462424297
0.0427,14.009714462495737
0.0437,14.009714462567176
0.044700000000000004,14.009714462638616
0.045700000000000005,14.009714462710056
0.0467,14.009714462777477
0.0477,14.009714462813198
0.0487,14.009714462848917
0.0497,14.009714462884638
0.0507,14.009714462920359
0.0517,14.009714462956078
0.052700000000000004,14.009714462991798
0.0537,14.00971446302752
0.0547,14.009714463063238
0.0557,14.009714463098959
0.0567,14.00971446313468
0.0577,14.009714463170399
0.0587,14.00971446320612
0.0,13.9392358748511
0.001,13.9392358748511
0.002,13.9392358748511
0.003,13.9392358748511
0.004,13.9392358748511
0.005,13.9392358748511
0.006,13.9392358748511
0.007,13.9392358748511
0.008,13.9392358748511
0.009000000000000001,13.9392358748511
0.01,13.9392358748511
0.011,13.9392358748511
0.012,13.9392358748511
0.013000000000000001,13.9392358748511
0.014,13.9392358748511
0.015,13.9392358748511
0.0167,13.989543636489561
0.0177,13.989543636431012
0.0187,13.989543636372463
0.0197,13.989543636313918
0.0207,13.989543636255373
0.0217,13.989543636196828
0.022699999999999998,13.989543636138285
0.0237,13.989543636079743
0.0247,13.989543636021201
0.0257,13.98954363596266
0.0267,13.989543635904122
0.0277,13.989543635845584
0.0287,13.989543635787046
0.0297,13.98954363572851
0.030699999999999998,13.989543635669975
0.0317,14.00971121449009
0.0327,14.009714461781348
0.0337,14.009714461852786
0.0347,14.009714461924224
0.035699999999999996,14.009714461995664
0.036699999999999997,14.009714462067102
0.0377,14.00971446213854
0.0387,14.00971446220998
0.0397,14.00971446228142
0.0407,14.009714462352857
0.0417,14.009714462424297
0.0427,14.009714462495737
0.0437,14.009714462567176
0.044700000000000004,14.009714462638616
0.045700000000000005,14.009714462710056
0.0467,14.009714462777477
0.0477,14.009714462813198
0.0487,14.009714462848917
0.0497,14.009714462884638
0.0507,14.009714462920359
0.0517,14.009714462956078
0.052700000000000004,14.009714462991798
0.0537,14.00971446302752
0.0547,14.009714463063238
0.0557,14.009714463098959
0.0567,14.00971446313468
0.0577,14.009714463170399
0.0587,14.00971446320612
0.0,13.9392358748511
0.001,13.9392358748511
0.002,13.9392358748511
0.003,13.9392358748511
0.004,13.9392358748511
0.005,13.9392358748511
0.006,13.9392358748511
0.007,13.9392358748511
0.008,13.9392358748511
0.009000000000000001,13.9392358748511
0.01,13.9392358748511
0.011,13.9392358748511
0.012,13.9392358748511
0.013000000000000001,13.9392358748511
0.014,13.9392358748511
0.015,13.9392358748511
0.0167,13.989543636489561
0.0177,13.989543636431012
0.0187,13.989543636372463
0.0197,13.989543636313918
0.0207,13.989543636255373
0.0217,13.989543636196828
0.022699999999999998,13.989543636138285
0.0237,13.989543636079743
0.0247,13.989543636021201
0.0257,13.98954363596266
0.0267,13.989543635904122
0.0277,13.989543635845584
0.0287,13.989543635787046
0.0297,13.98954363572851
0.030699999999999998,13.989543635669975
0.0317,13.98954363561144
0.0327,13.989543635552907
0.0337,14.009711213912826
0.0347,14.009714461087182
0.035699999999999996,14.009714461158618
0.036699999999999997,14.009714461230052
0.0377,14.009714461301488
0.0387,14.009714461372925
0.0397,14.00971446144436
0.0407,14.009714461515799
0.0417,14.009714461587235
0.0427,14.009714461658671
0.0437,14.009714461730107
0.044700000000000004,14.009714461801545
0.045700000000000005,14.009714461872981
0.0467,14.00971446194442
0.0477,14.009714462015856
0.0487,14.009714462087294
0.0497,14.009714462158732
0.0507,14.009714462213182
0.0517,14.009714462248901
0.052700000000000004,14.00971446228462
0.0537,14.00971446232034
0.0547,14.009714462356056
0.0557,14.009714462391777
0.0567,14.009714462427496
0.0577,14.009714462463215
0.0587,14.009714462498934
0.0,13.9392358748511
0.001,13.9392358748511
0.002,13.9392358748511
0.003,13.9392358748511
0.004,13.9392358748511
0.005,13.9392358748511
0.006,13.9392358748511
0.007,13.9392358748511
0.008,13.9392358748511
0.009000000000000001,13.9392358748511
0.01,13.9392358748511
0.011,13.9392358748511
0.012,13.9392358748511
0.013000000000000001,13.9392358748511
0.014,13.9392358748511
0.015,13.9392358748511
0.0167,13.989543636489561
0.0177,13.989543636431012
0.0187,13.989543636372463
0.0197,13.989543636313918
0.0207,13.989543636255373
0.0217,13.989543636196828
0.022699999999999998,13.989543636138285
0.0237,13.989543636079743
0.0247,13.989543636021201
0.0257,13.98954363596266
0.0267,13.989543635904122
0.0277,13.989543635845584
0.0287,13.989543635787046
0.0297,13.98954363572851
0.030699999999999998,13.989543635669975
0.0317,13.98954363561144
0.0327,13.989543635552907
0.0337,44.946531764798756
0.0347,44.94653281947601
0.035699999999999996,44.94653286272492
0.036699999999999997,44.94653290684265
0.0377,44.94653295182919
0.0387,44.94653299768452
0.0397,44.94653304440864
0.0407,44.94653309200152
0.0417,44.94653314046318
0.0427,44.946533189793584
0.0437,44.946533239992725
0.044700000000000004,44.94653329106059
0.045700000000000005,44.946533342997164
0.0467,44.94653339580245
0.0477,44.946533449476426
0.0487,44.94653350401908
0.0497,44.9465335594304
0.0507,44.94653361571038
0.0517,44.946533672859
0.052700000000000004,44.946533730876254
0.0537,44.94653378976213
0.0547,44.94653384951661
0.0557,44.94653391013969
0.0567,44.946533971631354
0.0577,44.9465340339916
0.0587,44.9465340972204
0.0,13.9392358748511
0.001,13.9392358748511
0.002,13.9392358748511
0.003,13.9392358748511
0.004,13.9392358748511
0.005,13.9392358748511
0.006,13.9392358748511
0.007,13.9392358748511
0.008,13.9392358748511
0.009000000000000001,13.9392358748511
0.01,13.9392358748511
0.011,13.9392358748511
0.012,13.9392358748511
0.013000000000000001,13.9392358748511
0.014,13.9392358748511
0.015,13.9392358748511
0.0167,13.989543636489561
0.0177,13.989543636431012
0.0187,13.989543636372463
0.0197,13.989543636313918
0.0207,13.989543636255373
0.0217,13.989543636196828
0.022699999999999998,13.989543636138285
0.0237,13.989543636079743
0.0247,13.989543636021201
0.0257,13.98954363596266
0.0267,13.989543635904122
0.0277,13.989543635845584
0.0287,13.989543635787046
0.0297,13.98954363572851
0.030699999999999998,13.989543635669975
0.0317,13.98954363561144
0.0327,13.989543635552907
0.0337,22.500211412956453
0.0347,22.5002134762656
0.035699999999999996,22.500213517819123
0.036699999999999997,22.500213559786722
0.0377,22.500213602168397
0.0387,22.500213644964134
0.0397,22.500213688173936
0.0407,22.50021373179779
0.0417,22.500213775835697
0.0427,22.500213820287644
0.0437,22.500213865153633
0.044700000000000004,22.50021391043365
0.045700000000000005,22.5002139561277
0.0467,22.50021400223577
0.0477,22.500214048757854
0.0487,22.50021409569395
0.0497,22.50021414304405
0.0507,22.50021419080815
0.0517,22.500214238986246
0.052700000000000004,22.500214287578327
0.0537,22.500214336584392
0.0547,22.500214386004433
0.0557,22.500214435838448
0.0567,22.500214486086428
0.0577,22.500214536748366
0.0587,22.50021458782426
0.0,13.9392358748511
0.001,13.9392358748511
0.002,13.9392358748511
0.003,13.9392358748511
0.004,13.9392358748511
0.005,13.9392358748511
0.006,13.9392358748511
0.007,13.9392358748511
0.008,13.9392358748511
0.009000000000000001,13.9392358748511
0.01,13.9392358748511
0.011,13.9392358748511
0.012,13.9392358748511
0.013000000000000001,13.9392358748511
0.014,13.9392358748511
0.015,13.9392358748511
0.0167,13.989543636489561
0.0177,13.989543636431012
0.0187,13.989543636372463
0.0197,13.989543636313918
0.0207,13.989543636255373
0.0217,13.989543636196828
0.022699999999999998,13.989543636138285
0.0237,13.989543636079743
0.0247,13.989543636021201
0.0257,13.98954363596266
0.0267,13.989543635904122
0.0277,13.989543635845584
0.0287,13.989543635787046
0.0297,13.98954363572851
0.030699999999999998,13.989543635669975
0.0317,13.98954363561144
0.0327,13.989543635552907
0.0337,2.581126941695624
0.0347,2.5811445898797656
0.035699999999999996,2.581144610468316
0.036699999999999997,2.5811446310687765
0.0377,2.581144651681146
0.0387,2.5811446723054248
0.0397,2.5811446929416126
0.0407,2.581144713589709
0.0417,2.581144734249715
0.0427,2.581144754921629
0.0,13.9392358748511
0.001,13.9392358748511
0.002,13.9392358748511
0.003,13.9392358748511
0.004,13.9392358748511
0.005,13.9392358748511
0.006,13.9392358748511
0.007,13.9392358748511
0.008,13.9392358748511
0.009000000000000001,13.9392358748511
0.01,13.9392358748511
0.011,13.9392358748511
0.012,13.9392358748511
0.013000000000000001,13.9392358748511
0.014,13.9392358748511
0.015,13.9392358748511
0.0167,13.989543636489561
0.0177,13.989543636431012
0.0187,13.989543636372463
0.0197,13.989543636313918
0.0207,13.989543636255373
0.0217,13.989543636196828
0.022699999999999998,13.989543636138285
0.0237,13.989543636079743
0.0247,13.989543636021201
0.0257,13.98954363596266
0.0267,13.989543635904122
0.0277,13.989543635845584
0.0287,13.989543635787046
0.0297,13.98954363572851
0.030699999999999998,13.989543635669975
0.0317,13.98954363561144
0.0327,13.989543635552907
0.0337,14.020988133943424
0.0347,14.020988133943424
0.035699999999999996,14.020988133943424
0.036699999999999997,14.020988133943424
0.0377,14.020988133943424
0.0387,14.020988133943424
0.0397,14.020988133943424
0.0407,14.020988133943424
0.0417,14.020988133943424
0.0427,14.020988133943424
0.0437,14.020988133943424
0.044700000000000004,14.020988133943424
0.045700000000000005,14.020988133943424
0.0467,14.020988133943424
0.0477,14.020988133943424
0.0487,14.020988133943424
0.0497,14.020988133943424
0.0507,14.020988133943424
0.0517,14.020988133943424
0.052700000000000004,14.020988133943424
0.0537,14.020988133943424
0.0547,14.020988133943424
0.0557,14.020988133943424
0.0567,14.020988133943424
0.0577,14.020988133943424
0.0587,14.020988133943424
0.0,13.9392358748511
0.001,13.9392358748511
0.002,13.9392358748511
0.003,13.9392358748511
0.004,13.9392358748511
0.005,13.9392358748511
0.006,13.9392358748511
0.007,13.9392358748511
0.008,13.9392358748511
0.009000000000000001,13.9392358748511
0.01,13.9392358748511
0.011,13.9392358748511
0.012,13.9392358748511
0.013000000000000001,13.9392358748511
0.014,13.9392358748511
0.015,13.9392358748511
0.0167,13.989543636489561
0.0177,13.989543636431012
0.0187,13.989543636372463
0.0197,13.989543636313918
0.0207,13.989543636255373
0.0217,13.989543636196828
0.022699999999999998,13.989543636138285
0.0237,13.989543636079743
0.0247,13.989543636021201
0.0257,13.98954363596266
0.0267,13.989543635904122
0.0277,13.989543635845584
0.0287,13.989543635787046
0.0297,13.98954363572851
0.030699999999999998,13.989543635669975
0.0317,13.98954363561144
0.0327,13.989543635552907
0.0,13.9392358748511
0.001,13.9392358748511
0.002,13.9392358748511
0.003,13.9392358748511
0.004,13.9392358748511
0.005,13.9392358748511
0.006,13.9392358748511
0.007,13.9392358748511
0.008,13.9392358748511
0.009000000000000001,13.9392358748511
0.01,13.9392358748511
0.011,13.9392358748511
0.012,13.9392358748511
0.013000000000000001,13.9392358748511
0.014,13.9392358748511
0.015,13.9392358748511
0.0167,13.989543636489561
0.0177,13.989543636431012
0.0187,13.989543636372463
0.0197,13.989543636313918
0.0207,13.989543636255373
0.0217,13.989543636196828
0.022699999999999998,13.989543636138285
0.0237,13.989543636079743
0.0247,13.989543636021201
0.0257,13.98954363596266
0.0267,13.989543635904122
0.0277,13.989543635845584
0.0287,13.989543635787046
0.0297,13.98954363572851
0.030699999999999998,13.989543635669975
0.0317,13.98954363561144
0.0327,13.989543635552907
0.0337,14.009713189620705
0.0347,14.009716436802373
0.035699999999999996,14.009716436881577
0.036699999999999997,14.009716436960783
0.0377,14.00971643703999
0.0387,14.009716437119195
0.0397,14.009716437198401
0.0407,14.009716437277607
0.0417,14.009716437356813
0.0427,14.00971643743602
0.0437,14.009716437515227
0.044700000000000004,14.009716437594435
0.045700000000000005,14.009716437673642
0.0467,14.00971643775285
0.0477,14.009716437832058
0.0487,14.009716437907441
0.0497,14.009716437947047
0.0507,14.009716437986649
0.0517,14.009716438026254
0.052700000000000004,14.009716438065858
0.0537,14.009716438105464
0.0547,14.009716438145068
0.0557,14.009716438184672
0.0567,14.009716438224277
0.0577,14.009716438263881
0.0587,14.009716438303485
0.0,13.9392358748511
0.001,13.9392358748511
0.002,13.9392358748511
0.003,13.9392358748511
0.004,13.9392358748511
0.005,13.9392358748511
0.006,13.9392358748511
0.007,13.9392358748511
0.008,13.9392358748511
0.009000000000000001,13.9392358748511
0.01,13.9392358748511
0.011,13.9392358748511
0.012,13.9392358748511
0.013000000000000001,13.9392358748511
0.014,13.9392358748511
0.015,13.9392358748511
0.0167,13.989543636489561
0.0177,13.989543636431012
0.0187,13.989543636372463
0.0197,13.989543636313918
0.0207,13.989543636255373
0.0217,13.989543636196828
0.022699999999999998,13.989543636138285
0.0237,13.989543636079743
0.0247,13.989543636021201
0.0257,13.98954363596266
0.0267,13.989543635904122
0.0277,13.989543635845584
0.0287,13.989543635787046
0.0297,13.98954363572851
0.030699999999999998,13.989543635669975
0.0317,13.98954363561144
0.0327,13.989543635552907
0.0337,14.009713189620705
0.0347,14.009716436802373
0.035699999999999996,14.009716436881577
0.036699999999999997,14.009716436960783
0.0377,14.00971643703999
0.0387,14.009716437119195
0.0397,14.009716437198401
0.0407,14.009716437277607
0.0417,14.009716437356813
0.0427,14.00971643743602
0.0437,14.009716437515227
0.044700000000000004,14.009716437594435
0.045700000000000005,14.009716437673642
0.0467,14.00971643775285
0.0477,14.009716437832058
0.0487,14.009716437907441
0.0497,14.009716437947047
0.0507,14.009716437986649
0.0517,14.009716438026254
0.052700000000000004,14.009716438065858
0.0537,14.009716438105464
0.0547,14.009716438145068
0.0557,14.009716438184672
0.0567,14.009716438224277
0.0577,14.009716438263881
0.0587,14.009716438303485
0.0,13.9392358748511
0.001,13.9392358748511
0.002,13.9392358748511
0.003,13.9392358748511
0.004,13.9392358748511
0.005,13.9392358748511
0.006,13.9392358748511
0.007,13.9392358748511
0.008,13.9392358748511
0.009000000000000001,13.9392358748511
0.01,13.9392358748511
0.011,13.9392358748511
0.012,13.9392358748511
0.013000000000000001,13.9392358748511
0.014,13.9392358748511
0.015,13.9392358748511
0.0167,13.989543636489561
0.0177,13.989543636431012
0.0187,13.989543636372463
0.0197,13.989543636313918
0.0207,13.989543636255373
0.0217,13.989543636196828
0.022699999999999998,13.989543636138285
0.0237,13.989543636079743
0.0247,13.989543636021201
0.0257,13.98954363596266
0.0267,13.989543635904122
0.0277,13.989543635845584
0.0287,13.989543635787046
0.0297,13.98954363572851
0.030699999999999998,13.989543635669975
0.0317,13.98954363561144
0.0327,13.989543635552907
0.0337,14.02098813394743
0.0347,14.02098813394743
0.035699999999999996,14.02098813394743
0.036699999999999997,14.02098813394743
0.0377,14.02098813394743
0.0387,14.02098813394743
0.0397,14.02098813394743
0.0407,14.02098813394743
0.0417,14.02098813394743
0.0427,14.02098813394743
0.0437,14.02098813394743
0.044700000000000004,14.02098813394743
0.045700000000000005,14.02098813394743
0.0467,14.02098813394743
0.0477,14.02098813394743
0.0487,14.02098813394743
0.0497,14.02098813394743
0.0507,14.02098813394743
0.0517,14.02098813394743
0.052700000000000004,14.02098813394743
0.0537,14.02098813394743
0.0547,14.02098813394743
0.0557,14.02098813394743
0.0567,14.02098813394743
0.0577,14.02098813394743
0.0587,14.02098813394743
0.0,13.9392358748511
0.001,13.9392358748511
0.002,13.9392358748511
0.003,13.9392358748511
0.004,13.9392358748511
0.005,13.9392358748511
0.006,13.9392358748511
0.007,13.9392358748511
0.008,13.9392358748511
0.009000000000000001,13.9392358748511
0.01,13.9392358748511
0.011,13.9392358748511
0.012,13.9392358748511
0.013000000000000001,13.9392358748511
0.014,13.9392358748511
0.015,13.9392358748511
0.0167,13.989543636489561
0.0177,13.989543636431012
0.0187,13.989543636372463
0.0197,13.989543636313918
0.0207,13.989543636255373
0.0217,13.989543636196828
0.022699999999999998,13.989543636138285
0.0237,13.989543636079743
0.0247,13.989543636021201
0.0257,13.98954363596266
0.0267,13.989543635904122
0.0277,13.989543635845584
0.0287,13.989543635787046
0.0297,13.98954363572851
0.030699999999999998,13.989543635669975
0.0317,13.98954363561144
0.0327,13.989543635552907
0.0337,14.020988134343972
0.0347,14.020988134343972
0.035699999999999996,14.020988134343972
0.036699999999999997,14.020988134343972
0.0377,14.020988134343972
0.0387,14.020988134343972
0.0397,14.020988134343972
0.0407,14.020988134343972
0.0417,14.020988134343972
0.0427,14.020988134343972
0.0437,14.020988134343972
0.044700000000000004,14.020988134343972
0.045700000000000005,14.020988134343972
0.0467,14.020988134343972
0.0477,14.020988134343973
0.0487,14.020988134343973
0.0497,14.020988134343973
0.0507,14.020988134343973
0.0517,14.020988134343973
0.052700000000000004,14.020988134343973
0.0537,14.020988134343973
0.0547,14.020988134343973
0.0557,14.020988134343973
0.0567,14.020988134343973
0.0577,14.020988134343973
0.0587,14.020988134343973
0.0,13.9392358748511
0.001,13.9392358748511
0.002,13.9392358748511
0.003,13.9392358748511
0.004,13.9392358748511
0.005,13.9392358748511
0.006,13.9392358748511
0.007,13.9392358748511
0.008,13.9392358748511
0.009000000000000001,13.9392358748511
0.01,13.9392358748511
0.011,13.9392358748511
0.012,13.9392358748511
0.013000000000000001,13.9392358748511
0.014,13.9392358748511
0.015,13.9392358748511
0.0167,13.989543636489561
0.0177,13.989543636431012
0.0187,13.989543636372463
0.0197,13.989543636313918
0.0207,13.989543636255373
0.0217,13.989543636196828
0.022699999999999998,13.989543636138285
0.0237,13.989543636079743
0.0247,13.989543636021201
0.0257,13.98954363596266
0.0267,13.989543635904122
0.0277,13.989543635845584
0.0287,13.989543635787046
0.0297,13.98954363572851
0.030699999999999998,13.989543635669975
0.0317,13.98954363561144
0.0327,13.989543635552907
0.0337,14.020988134343972
0.0347,14.020988134343972
0.035699999999999996,14.020988134343972
0.036699999999999997,14.020988134343972
0.0377,14.020988134343972
0.0387,14.020988134343972
0.0397,14.020988134343972
0.0407,14.020988134343972
0.0417,14.020988134343972
0.0427,14.020988134343972
0.0437,14.020988134343972
0.044700000000000004,14.020988134343972
0.045700000000000005,14.020988134343972
0.0467,14.020988134343972
0.0477,14.020988134343973
0.0487,14.020988134343973
0.0497,14.020988134343973
0.0507,14.020988134343973
0.0517,14.020988134343973
0.052700000000000004,14.020988134343973
0.0537,14.020988134343973
0.0547,14.020988134343973
0.0557,14.020988134343973
0.0567,14.020988134343973
0.0577,14.020988134343973
0.0587,14.020988134343973
0.0,13.9392358748511
0.001,13.9392358748511
0.002,13.9392358748511
0.003,13.9392358748511
0.004,13.9392358748511
0.005,13.9392358748511
0.006,13.9392358748511
0.007,13.9392358748511
0.008,13.9392358748511
0.009000000000000001,13.9392358748511
0.01,13.9392358748511
0.011,13.9392358748511
0.012,13.9392358748511
0.013000000000000001,13.9392358748511
0.014,13.9392358748511
0.015,13.9392358748511
0.0167,13.989543636489561
0.0177,13.989543636431012
0.0187,13.989543636372463
0.0197,13.989543636313918
0.0207,13.989543636255373
0.0217,13.989543636196828
0.022699999999999998,13.989543636138285
0.0237,13.989543636079743
0.0247,13.989543636021201
0.0257,13.98954363596266
0.0267,13.989543635904122
0.0277,13.989543635845584
0.0287,13.989543635787046
0.0297,13.98954363572851
0.030699999999999998,13.989543635669975
0.0317,13.98954363561144
0.0327,13.989543635552907
0.0337,14.020988173998157
0.0347,14.020988173998237
0.035699999999999996,14.020988173998317
0.036699999999999997,14.020988173998397
0.0377,14.020988173998477
0.0387,14.020988173998557
0.0397,14.020988173998637
0.0407,13.989543675685146
0.0417,14.020988173998076
0.0427,14.020988173998157
0.0437,14.020988173998237
0.044700000000000004,14.020988173998317
0.045700000000000005,14.020988173998397
0.0467,14.020988173998477
0.0477,14.020988173998557
0.0487,14.020988173998637
0.0497,13.989543675685146
0.0507,14.020988173998076
0.0517,14.020988173998157
0.052700000000000004,14.020988173998237
0.0537,14.020988173998317
0.0547,14.020988173998397
0.0557,14.020988173998477
0.0567,14.020988173998557
0.0577,14.020988173998637
0.0587,13.989543675685146
0.0,13.9392358748511
0.001,13.9392358748511
0.002,13.9392358748511
0.003,13.9392358748511
0.004,13.9392358748511
0.005,13.9392358748511
0.006,13.9392358748511
0.007,13.9392358748511
0.008,13.9392358748511
0.009000000000000001,13.9392358748511
0.01,13.9392358748511
0.011,13.9392358748511
0.012,13.9392358748511
0.013000000000000001,13.9392358748511
0.014,13.9392358748511
0.015,13.9392358748511
0.0167,13.989543636489561
0.0177,13.989543636431012
0.0187,13.989543636372463
0.0197,13.989543636313918
0.0207,13.989543636255373
0.0217,13.989543636196828
0.022699999999999998,13.989543636138285
0.0237,13.989543636079743
0.0247,13.989543636021201
0.0257,13.98954363596266
0.0267,13.989543635904122
0.0277,13.989543635845584
0.0287,13.989543635787046
0.0297,13.98954363572851
0.030699999999999998,13.989543635669975
0.0317,13.98954363561144
0.0327,13.989543635552907
0.0337,13.989543635552907
0.0347,13.989543635552907
0.035699999999999996,13.989543635552907
0.036699999999999997,13.989543635552907
0.0377,13.989543635552907
0.0387,13.989543635552907
0.0397,13.989543635552907
0.0407,13.989543635552907
0.0417,13.989543635552907
0.0427,13.989543635552907
0.0437,13.989543635552907
0.044700000000000004,13.989543635552907
0.045700000000000005,13.989543635552907
0.0467,13.989543635552907
0.0477,13.989543635552907
0.0487,13.989543635552907
0.0497,13.989543635552907
0.0507,13.989543635552907
0.0517,13.989543635552907
0.052700000000000004,13.989543635552907
0.0537,13.989543635552907
0.0547,13.989543635552907
0.0557,13.989543635552907
0.0567,13.989543635552907
0.0577,13.989543635552907
0.0587,13.989543635552907
0.0,13.9392358748511
0.001,13.9392358748511
0.002,13.9392358748511
0.003,13.9392358748511
0.004,13.9392358748511
0.005,13.9392358748511
0.006,13.9392358748511
0.007,13.9392358748511
0.008,13.9392358748511
0.009000000000000001,13.9392358748511
0.01,13.9392358748511
0.011,13.9392358748511
0.012,13.9392358748511
0.013000000000000001,13.9392358748511
0.014,13.9392358748511
0.015,13.9392358748511
0.0167,13.989543636489561
0.0177,13.989543636431012
0.0187,13.989543636372463
0.0197,13.989543636313918
0.0207,13.989543636255373
0.0217,13.989543636196828
0.022699999999999998,13.989543636138285
0.0237,13.989543636079743
0.0247,13.989543636021201
0.0257,13.98954363596266
0.0267,13.989543635904122
0.0277,13.989543635845584
0.0287,13.989543635787046
0.0297,13.98954363572851
0.030699999999999998,13.989543635669975
0.0317,13.98954363561144
0.0327,13.989543635552907
0.0337,13.989543635552907
0.0347,13.989543635552907
0.035699999999999996,13.989543635552907
0.036699999999999997,13.989543635552907
0.0377,13.989543635552907
0.0387,13.989543635552907
0.0397,13.989543635552907
0.0407,13.989543635552907
0.0417,13.989543635552907
0.0427,13.989543635552907
0.0437,13.989543635552907
0.044700000000000004,13.989543635552907
0.045700000000000005,13.989543635552907
0.0467,13.989543635552907
0.0477,13.989543635552907
0.0487,13.989543635552907
0.0497,13.989543635552907
0.0507,13.989543635552907
0.0517,13.989543635552907
0.052700000000000004,13.989543635552907
0.0537,13.989543635552907
0.0547,13.989543635552907
0.0557,13.989543635552907
0.0567,13.989543635552907
0.0577,13.989543635552907
0.0587,13.989543635552907
0.0,13.9392358748511
0.001,13.9392358748511
0.002,13.9392358748511
0.003,13.9392358748511
0.004,13.9392358748511
0.005,13.9392358748511
0.006,13.9392358748511
0.007,13.9392358748511
0.008,13.9392358748511
0.009000000000000001,13.9392358748511
0.01,13.9392358748511
0.011,13.9392358748511
0.012,13.9392358748511
0.013000000000000001,13.9392358748511
0.014,13.9392358748511
0.015,13.9392358748511
0.0167,13.989543636489561
0.0177,13.989543636431012
0.0187,13.989543636372463
0.0197,13.989543636313918
0.0207,13.989543636255373
0.0217,13.989543636196828
0.022699999999999998,13.989543636138285
0.0237,13.989543636079743
0.0247,13.989543636021201
0.0257,13.98954363596266
0.0267,13.989543635904122
0.0277,13.989543635845584
0.0287,13.989543635787046
0.0297,13.98954363572851
0.030699999999999998,13.989543635669975
0.0317,13.98954363561144
0.0327,13.989543635552907
0.0337,14.020988173998157
0.0347,14.020988173998237
0.035699999999999996,14.020988173998317
0.036699999999999997,14.020988173998397
0.0377,14.020988173998477
0.0387,14.020988173998557
0.0397,14.020988173998637
0.0407,13.989543675685146
0.0417,14.020988173998076
0.0427,14.020988173998157
0.0437,14.020988173998237
0.044700000000000004,14.020988173998317
0.045700000000000005,14.020988173998397
0.0467,14.020988173998477
0.0477,14.020988173998557
0.0487,14.020988173998637
0.0497,13.989543675685146
0.0507,14.020988173998076
0.0517,14.020988173998157
0.052700000000000004,14.020988173998237
0.0537,14.020988173998317
0.0547,14.020988173998397
0.0557,14.020988173998477
0.0567,14.020988173998557
0.0577,14.020988173998637
0.0587,13.989543675685146
0.0,13.9392358748511
0.001,13.9392358748511
0.002,13.9392358748511
0.003,13.9392358748511
0.004,13.9392358748511
0.005,13.9392358748511
0.006,13.9392358748511
0.007,13.9392358748511
0.008,13.9392358748511
0.009000000000000001,13.9392358748511
0.01,13.9392358748511
0.011,13.9392358748511
0.012,13.9392358748511
0.013000000000000001,13.9392358748511
0.014,13.9392358748511
0.015,13.9392358748511
0.0167,13.989543636489561
0.0177,13.989543636431012
0.0187,13.989543636372463
0.0197,13.989543636313918
0.0207,13.989543636255373
0.0217,13.989543636196828
0.022699999999999998,13.989543636138285
0.0237,13.989543636079743
0.0247,13.989543636021201
0.0257,13.98954363596266
0.0267,13.989543635904122
0.0277,13.989543635845584
0.0287,13.989543635787046
0.0297,13.98954363572851
0.030699999999999998,13.989543635669975
0.0317,13.98954363561144
0.0327,13.989543635552907
0.0337,14.020988173998157
0.0347,14.020988173998237
0.035699999999999996,14.020988173998317
0.036699999999999997,14.020988173998397
0.0377,14.020988173998477
0.0387,14.020988173998557
0.0397,14.020988173998637
0.0407,13.989543675685146
0.0417,14.020988173998076
0.0427,14.020988173998157
0.0437,14.020988173998237
0.044700000000000004,14.020988173998317
0.045700000000000005,14.020988173998397
0.0467,14.020988173998477
0.0477,14.020988173998557
0.0487,14.020988173998637
0.0497,13.989543675685146
0.0507,14.020988173998076
0.0517,14.020988173998157
0.052700000000000004,14.020988173998237
0.0537,14.020988173998317
0.0547,14.020988173998397
0.0557,14.020988173998477
0.0567,14.020988173998557
0.0577,14.020988173998637
0.0587,13.989543675685146
0.0,13.9392358748511
0.001,13.9392358748511
0.002,13.9392358748511
0.003,13.9392358748511
0.004,13.9392358748511
0.005,13.9392358748511
0.006,13.9392358748511
0.007,13.9392358748511
0.008,13.9392358748511
0.009000000000000001,13.9392358748511
0.01,13.9392358748511
0.011,13.9392358748511
0.012,13.9392358748511
0.013000000000000001,13.9392358748511
0.014,13.9392358748511
0.015,13.9392358748511
0.0167,13.989543636489561
0.0177,13.989543636431012
0.0187,13.989543636372463
0.0197,13.989543636313918
0.0207,13.989543636255373
0.0217,13.989543636196828
0.022699999999999998,13.989543636138285
0.0237,13.989543636079743
0.0247,13.989543636021201
0.0257,13.98954363596266
0.0267,13.989543635904122
0.0277,13.989543635845584
0.0287,13.989543635787046
0.0297,13.98954363572851
0.030699999999999998,13.989543635669975
0.0317,13.98954363561144
0.0327,13.989543635552907
0.0337,14.020988173998157
0.0347,14.020988173998237
0.035699999999999996,14.020988173998317
0.036699999999999997,14.020988173998397
0.0377,14.020988173998477
0.0387,14.020988173998557
0.0397,14.020988173998637
0.0407,13.989543675685146
0.0417,14.020988173998076
0.0427,14.020988173998157
0.0437,14.020988173998237
0.044700000000000004,14.020988173998317
0.045700000000000005,14.020988173998397
0.0467,14.020988173998477
0.0477,14.020988173998557
0.0487,14.020988173998637
0.0497,13.989543675685146
0.0507,14.020988173998076
0.0517,14.020988173998157
0.052700000000000004,14.020988173998237
0.0537,14.020988173998317
0.0547,14.020988173998397
0.0557,14.020988173998477
0.0567,14.020988173998557
0.0577,14.020988173998637
0.0587,13.989543675685146
0.0,13.9392358748511
0.001,13.9392358748511
0.002,13.9392358748511
0.003,13.9392358748511
0.004,13.9392358748511
0.005,13.9392358748511
0.006,13.9392358748511
0.007,13.9392358748511
0.008,13.9392358748511
0.009000000000000001,13.9392358748511
0.01,13.9392358748511
0.011,13.9392358748511
0.012,13.9392358748511
0.013000000000000001,13.9392358748511
0.014,13.9392358748511
0.015,13.9392358748511
0.0167,13.989543636489561
0.0177,13.989543636431012
0.0187,13.989543636372463
0.0197,13.989543636313918
0.0207,13.989543636255373
0.0217,13.989543636196828
0.022699999999999998,13.989543636138285
0.0237,13.989543636079743
0.0247,13.989543636021201
0.0257,13.98954363596266
0.0267,13.989543635904122
0.0277,13.989543635845584
0.0287,13.989543635787046
0.0297,13.98954363572851
0.030699999999999998,13.989543635669975
0.0317,13.98954363561144
0.0327,13.989543635552907
0.0337,14.020988173998157
0.0347,14.020988173998237
0.035699999999999996,14.020988173998317
0.036699999999999997,14.020988173998397
0.0377,14.020988173998477
0.0387,14.020988173998557
0.0397,14.020988173998637
0.0407,13.989543675685146
0.0417,14.020988173998076
0.0427,14.020988173998157
0.0437,14.020988173998237
0.044700000000000004,14.020988173998317
0.045700000000000005,14.020988173998397
0.0467,14.020988173998477
0.0477,14.020988173998557
0.0487,14.020988173998637
0.0497,13.989543675685146
0.0507,14.020988173998076
0.0517,14.020988173998157
0.052700000000000004,14.020988173998237
0.0537,14.020988173998317
0.0547,14.020988173998397
0.0557,14.020988173998477
0.0567,14.020988173998557
0.0577,14.020988173998637
0.0587,13.989543675685146
0.0,13.9392358748511
0.001,13.9392358748511
0.002,13.9392358748511
0.003,13.9392358748511
0.004,13.9392358748511
0.005,13.9392358748511
0.006,13.9392358748511
0.007,13.9392358748511
0.008,13.9392358748511
0.009000000000000001,13.9392358748511
0.01,13.9392358748511
0.011,13.9392358748511
0.012,13.9392358748511
0.013000000000000001,13.9392358748511
0.014,13.9392358748511
0.015,13.9392358748511
0.0167,13.989543636489561
0.0177,13.989543636431012
0.0187,13.989543636372463
0.0197,13.989543636313918
0.0207,13.989543636255373
0.0217,13.989543636196828
0.022699999999999998,13.989543636138285
0.0237,13.989543636079743
0.0247,13.989543636021201
0.0257,13.98954363596266
0.0267,13.989543635904122
0.0277,13.989543635845584
0.0287,13.989543635787046
0.0297,13.98954363572851
0.030699999999999998,13.989543635669975
0.0317,13.98954363561144
0.0327,13.989543635552907
0.0337,14.020988173998157
0.0347,14.020988173998237
0.035699999999999996,14.020988173998317
0.036699999999999997,14.020988173998397
0.0377,14.020988173998477
0.0387,14.020988173998557
0.0397,14.020988173998637
0.0407,13.989543675685146
0.0417,14.020988173998076
0.0427,14.020988173998157
0.0437,14.020988173998237
0.044700000000000004,14.020988173998317
0.045700000000000005,14.020988173998397
0.0467,14.020988173998477
0.0477,14.020988173998557
0.0487,14.020988173998637
0.0497,13.989543675685146
0.0507,14.020988173998076
0.0517,14.020988173998157
0.052700000000000004,14.020988173998237
0.0537,14.020988173998317
0.0547,14.020988173998397
0.0557,14.020988173998477
0.0567,14.020988173998557
0.0577,14.020988173998637
0.0587,13.989543675685146
0.0,13.9392358748511
0.001,13.9392358748511
0.002,13.9392358748511
0.003,13.9392358748511
0.004,13.9392358748511
0.005,13.9392358748511
0.006,13.9392358748511
0.007,13.9392358748511
0.008,13.9392358748511
0.009000000000000001,13.9392358748511
0.01,13.9392358748511
0.011,13.9392358748511
0.012,13.9392358748511
0.013000000000000001,13.9392358748511
0.014,13.9392358748511
0.015,13.9392358748511
0.0167,13.989543636489561
0.0177,13.989543636431012
0.0187,13.989543636372463
0.0197,13.989543636313918
0.0207,13.989543636255373
0.0217,13.989543636196828
0.022699999999999998,13.989543636138285
0.0237,13.989543636079743
0.0247,13.989543636021201
0.0257,13.98954363596266
0.0267,13.989543635904122
0.0277,13.989543635845584
0.0287,13.989543635787046
0.0297,13.98954363572851
0.030699999999999998,13.989543635669975
0.0317,13.98954363561144
0.0327,13.989543635552907
0.0337,14.020988173998157
0.0347,14.020988173998237
0.035699999999999996,14.020988173998317
0.036699999999999997,14.020988173998397
0.0377,14.020988173998477
0.0387,14.020988173998557
0.0397,14.020988173998637
0.0407,13.989543675685146
0.0417,14.020988173998076
0.0427,14.020988173998157
0.0437,14.020988173998237
0.044700000000000004,14.020988173998317
0.045700000000000005,14.020988173998397
0.0467,14.020988173998477
0.0477,14.020988173998557
0.0487,14.020988173998637
0.0497,13.989543675685146
0.0507,14.020988173998076
0.0517,14.020988173998157
0.052700000000000004,14.020988173998237
0.0537,14.020988173998317
0.0547,14.020988173998397
0.0557,14.020988173998477
0.0567,14.020988173998557
0.0577,14.020988173998637
0.0587,13.989543675685146
0.0,13.9392358748511
0.001,13.9392358748511
0.002,13.9392358748511
0.003,13.9392358748511
0.004,13.9392358748511
0.005,13.9392358748511
0.006,13.9392358748511
0.007,13.9392358748511
0.008,13.9392358748511
0.009000000000000001,13.9392358748511
0.01,13.9392358748511
0.011,13.9392358748511
0.012,13.9392358748511
0.013000000000000001,13.9392358748511
0.014,13.9392358748511
0.015,13.9392358748511
0.0167,13.989543636489561
0.0177,13.989543636431012
0.0187,13.989543636372463
0.0197,13.989543636313918
0.0207,13.989543636255373
0.0217,13.989543636196828
0.022699999999999998,13.989543636138285
0.0237,13.989543636079743
0.0247,13.989543636021201
0.0257,13.98954363596266
0.0267,13.989543635904122
0.0277,13.989543635845584
0.0287,13.989543635787046
0.0297,13.98954363572851
0.030699999999999998,13.989543635669975
0.0317,13.98954363561144
0.0327,13.989543635552907
0.0337,14.020988173998157
0.0347,14.020988173998237
0.035699999999999996,14.020988173998317
0.036699999999999997,14.020988173998397
0.0377,14.020988173998477
0.0387,14.020988173998557
0.0397,14.020988173998637
0.0407,13.989543675685146
0.0417,14.020988173998076
0.0427,14.020988173998157
0.0437,14.020988173998237
0.0,13.9392358748511
0.001,13.9392358748511
0.002,13.9392358748511
0.003,13.9392358748511
0.004,13.9392358748511
0.005,13.9392358748511
0.006,13.9392358748511
0.007,13.9392358748511
0.008,13.9392358748511
0.009000000000000001,13.9392358748511
0.01,13.9392358748511
0.011,13.9392358748511
0.012,13.9392358748511
0.013000000000000001,13.9392358748511
0.014,13.9392358748511
0.015,13.9392358748511
0.0167,13.989543636489561
0.0177,13.989543636431012
0.0187,13.989543636372463
0.0197,13.989543636313918
0.0207,13.989543636255373
0.0217,13.989543636196828
0.022699999999999998,13.989543636138285
0.0237,13.989543636079743
0.0247,13.989543636021201
0.0257,13.98954363596266
0.0267,13.989543635904122
0.0277,13.989543635845584
0.0287,13.989543635787046
0.0297,13.98954363572851
0.030699999999999998,13.989543635669975
0.0317,13.98954363561144
0.0327,13.989543635552907
0.0337,14.020988173998157
0.0347,14.020988173998237
0.035699999999999996,14.020988173998317
0.036699999999999997,14.020988173998397
0.0377,14.020988173998477
0.0387,14.020988173998557
0.0397,14.020988173998637
0.0407,13.989543675685146
0.0417,14.020988173998076
0.0427,14.020988173998157
0.0437,14.020988173998237
0.044700000000000004,14.020988173998317
0.045700000000000005,14.020988173998397
0.0467,14.020988173998477
0.0477,14.020988173998557
0.0487,14.020988173998637
0.0497,13.989543675685146
0.0507,14.020988173998076
0.0517,14.020988173998157
0.052700000000000004,14.020988173998237
0.0537,14.020988173998317
0.0547,14.020988173998397
0.0557,14.020988173998477
0.0567,14.020988173998557
0.0577,14.020988173998637
0.0587,13.989543675685146
0.0,13.9392358748511
0.001,13.9392358748511
0.002,13.9392358748511
0.003,13.9392358748511
0.004,13.9392358748511
0.005,13.9392358748511
0.006,13.9392358748511
0.007,13.9392358748511
0.008,13.9392358748511
0.009000000000000001,13.9392358748511
0.01,13.9392358748511
0.011,13.9392358748511
0.012,13.9392358748511
0.013000000000000001,13.9392358748511
0.014,13.9392358748511
0.015,13.9392358748511
0.0167,13.989543636489561
0.0177,13.989543636431012
0.0187,13.989543636372463
0.0197,13.989543636313918
0.0207,13.989543636255373
0.0217,13.989543636196828
0.022699999999999998,13.989543636138285
0.0237,13.989543636079743
0.0247,13.989543636021201
0.0257,13.98954363596266
0.0267,13.989543635904122
0.0277,13.989543635845584
0.0287,14.020988174001761
0.0297,14.020988174001841
0.030699999999999998,14.020988174001921
0.0317,14.020988174002001
0.0327,14.020988174002081
0.0337,14.020988174002161
0.0347,14.020988174002243
0.035699999999999996,14.020988174002323
0.036699999999999997,14.020988174002403
0.0377,14.020988174002483
0.0387,14.020988174002563
0.0397,14.020988174002643
0.0407,14.020988174002722
0.0417,14.020988174002802
0.0427,14.020988174002882
0.0437,14.020988174002962
0.044700000000000004,14.020988174003042
0.045700000000000005,14.020988174003122
0.0467,14.020988174003204
0.0477,14.020988174003284
0.0487,14.020988174003364
0.0497,14.020988174003444
0.0507,14.020988174003524
0.0517,14.020988174003604
0.052700000000000004,14.020988174003683
0.0537,14.020988174003765
0.0547,14.020988174003845
0.0557,14.020988174003925
0.0567,14.020988174004005
0.0577,14.020988174004085
0.0587,14.020988174004165
0.0,13.9392358748511
0.001,13.9392358748511
0.002,13.9392358748511
0.003,13.9392358748511
0.004,13.9392358748511
0.005,13.9392358748511
0.006,13.9392358748511
0.007,13.9392358748511
0.008,13.9392358748511
0.009000000000000001,13.9392358748511
0.01,13.9392358748511
0.011,13.9392358748511
0.012,13.9392358748511
0.013000000000000001,13.9392358748511
0.014,13.9392358748511
0.015,13.9392358748511
0.0167,13.989543636489561
0.0177,13.989543636431012
0.0187,13.989543636372463
0.0197,13.989543636313918
0.0207,13.989543636255373
0.0217,13.989543636196828
0.022699999999999998,13.989543636138285
0.0237,13.989543636079743
0.0247,13.989543636021201
0.0257,13.98954363596266
0.0267,13.989543635904122
0.0277,13.989543635845584
0.0287,14.020988174001761
0.0297,14.020988174001841
0.030699999999999998,14.020988174001921
0.0317,14.020988174002001
0.0327,14.020988174002081
0.0337,14.020988174002161
0.0347,14.020988174002243
0.035699999999999996,14.020988174002323
0.036699999999999997,14.020988174002403
0.0377,14.020988174002483
0.0387,14.020988174002563
0.0397,14.020988174002643
0.0407,14.020988174002722
0.0417,14.020988174002802
0.0427,14.020988174002882
0.0437,14.020988174002962
0.044700000000000004,14.020988174003042
0.045700000000000005,14.020988174003122
0.0467,14.020988174003204
0.0477,14.020988174003284
0.0487,14.020988174003364
0.0497,14.020988174003444
0.0507,14.020988174003524
0.0517,14.020988174003604
0.052700000000000004,14.020988174003683
0.0537,14.020988174003765
0.0547,14.020988174003845
0.0557,14.020988174003925
0.0567,14.020988174004005
0.0577,14.020988174004085
0.0587,14.020988174004165
0.0,13.9392358748511
0.001,13.9392358748511
0.002,13.9392358748511
0.003,13.9392358748511
0.004,13.9392358748511
0.005,13.9392358748511
0.006,13.9392358748511
0.007,13.9392358748511
0.008,13.9392358748511
0.009000000000000001,13.9392358748511
0.01,13.9392358748511
0.011,13.9392358748511
0.012,13.9392358748511
0.013000000000000001,13.9392358748511
0.014,13.9392358748511
0.015,13.9392358748511
0.0167,13.989543636489561
0.0177,13.989543636431012
0.0187,13.989543636372463
0.0197,13.989543636313918
0.0207,13.989543636255373
0.0217,13.989543636196828
0.022699999999999998,13.989543636138285
0.0237,13.989543636079743
0.0247,13.989543636021201
0.0257,13.98954363596266
0.0267,13.989543635904122
0.0277,13.989543635845584
0.0287,13.989543635787046
0.0297,13.98954363572851
0.030699999999999998,13.989543635669975
0.0317,13.98954363561144
0.0327,13.989543635552907
0.0337,14.020988173998157
0.0347,14.020988173998237
0.035699999999999996,14.020988173998317
0.036699999999999997,14.020988173998397
0.0377,14.020988173998477
0.0387,14.020988173998557
0.0397,14.020988173998637
0.0407,14.020988173998717
0.0417,14.020988173998797
0.0427,14.020988173998877
0.0437,14.020988173998957
0.044700000000000004,14.020988173999037
0.045700000000000005,14.020988173999116
0.0467,14.020988173999198
0.0477,14.020988173999278
0.0487,14.020988173999358
0.0497,14.020988173999438
0.0507,14.020988173999518
0.0517,14.020988173999598
0.052700000000000004,14.020988173999678
0.0537,14.020988173999758
0.0547,14.02098817399984
0.0557,14.020988173999918
0.0567,14.020988174
0.0577,14.020988174000077
0.0587,14.02098817400016
0.0,13.9392358748511
0.001,13.9392358748511
0.002,13.9392358748511
0.003,13.9392358748511
0.004,13.9392358748511
0.005,13.9392358748511
0.006,13.9392358748511
0.007,13.9392358748511
0.008,13.9392358748511
0.009000000000000001,13.9392358748511
0.01,13.9392358748511
0.011,13.9392358748511
0.012,13.9392358748511
0.013000000000000001,13.9392358748511
0.014,13.9392358748511
0.015,13.9392358748511
0.0167,13.989543636489561
0.0177,13.989543636431012
0.0187,13.989543636372463
0.0197,13.989543636313918
0.0207,13.989543636255373
0.0217,13.989543636196828
0.022699999999999998,13.989543636138285
0.0237,13.989543636079743
0.0247,13.989543636021201
0.0257,13.98954363596266
0.0267,13.989543635904122
0.0277,13.989543635845584
0.0287,13.989543635787046
0.0297,13.98954363572851
0.030699999999999998,13.989543635669975
0.0317,13.98954363561144
0.0327,13.989543635552907
0.0337,14.020988173998157
0.0347,14.020988173998237
0.035699999999999996,14.020988173998317
0.036699999999999997,14.020988173998397
0.0377,14.020988173998477
0.0387,14.020988173998557
0.0397,14.020988173998637
0.0407,14.020988173998717
0.0417,14.020988173998797
0.0427,14.020988173998877
0.0437,14.020988173998957
0.044700000000000004,14.020988173999037
0.045700000000000005,14.020988173999116
0.0467,14.020988173999198
0.0477,14.020988173999278
0.0487,14.020988173999358
0.0497,14.020988173999438
0.0507,14.020988173999518
0.0517,14.020988173999598
0.052700000000000004,14.020988173999678
0.0537,14.020988173999758
0.0547,14.02098817399984
0.0557,14.020988173999918
0.0567,14.020988174
0.0577,14.020988174000077
0.0587,14.02098817400016
0.0597,14.02098817400024
0.0607,14.020988174000319
0.0617,14.020988174000399
0.0627,14.020988174000479
0.0637,14.020988174000559
0.06470000000000001,14.020988174000639
0.06570000000000001,14.02098817400072
0.06670000000000001,14.0209881740008
0.06770000000000001,14.02098817400088
0.06870000000000001,14.02098817400096
0.0697,14.02098817400104
0.0707,14.02098817400112
0.0717,14.0209881740012
0.0727,14.02098817400128
0.0737,14.02098817400136
0.0747,14.02098817400144
0.0757,14.020988174001522
0.07669999999999999,14.0209881740016
0.07769999999999999,14.020988174001682
0.07869999999999999,14.020988174001761
0.0797,14.020988174001841
0.0807,14.020988174001921
0.0817,14.020988174002001
0.0,13.9392358748511
0.001,13.9392358748511
0.002,13.9392358748511
0.003,13.9392358748511
0.004,13.9392358748511
0.005,13.9392358748511
0.006,13.9392358748511
0.007,13.9392358748511
0.008,13.9392358748511
0.009000000000000001,13.9392358748511
0.01,13.9392358748511
0.011,13.9392358748511
0.012,13.9392358748511
0.013000000000000001,13.9392358748511
0.014,13.9392358748511
0.015,13.9392358748511
0.0167,13.989543636489561
0.0177,13.989543636431012
0.0187,13.989543636372463
0.0197,13.989543636313918
0.0207,13.989543636255373
0.0217,13.989543636196828
0.022699999999999998,13.989543636138285
0.0237,13.989543636079743
0.0247,13.989543636021201
0.0257,13.98954363596266
0.0267,13.989543635904122
0.0277,13.989543635845584
0.0287,13.989543635787046
0.0297,13.98954363572851
0.030699999999999998,13.989543635669975
0.0317,13.98954363561144
0.0327,13.989543635552907
0.0337,2.581126941695624
0.0347,2.5811445898797656
0.035699999999999996,2.581144610468316
0.036699999999999997,2.581144610468316
0.0377,2.581144610468316
0.0387,2.581144610468316
0.0397,2.581144610468316
0.0407,2.581144610468316
0.0417,2.581144610468316
0.0427,2.581144610468316
0.0437,2.581144610468316
0.044700000000000004,2.581144610468316
0.045700000000000005,2.581144610468316
0.0467,2.581144610468316
0.0477,2.581144610468316
0.0487,2.581144610468316
0.0497,2.581144610468316
0.0507,2.581144610468316
0.0517,2.581144610468316
0.052700000000000004,2.581144610468316
0.0537,2.581144610468316
0.0547,2.581144610468316
0.0557,2.581144610468316
0.0567,2.581144610468316
0.0577,2.581144610468316
0.0587,2.581144610468316
0.0597,2.581144610468316
0.0607,2.581144610468316
0.0617,2.581144610468316
0.0627,2.581144610468316
0.0637,2.581144610468316
0.06470000000000001,2.581144610468316
0.06570000000000001,2.581144610468316
0.06670000000000001,2.581144610468316
0.06770000000000001,2.581144610468316
0.06870000000000001,2.581144610468316
0.0697,2.581144610468316
0.0707,2.581144610468316
0.0717,2.581144610468316
0.0727,2.581144610468316
0.0737,2.581144610468316
0.0747,2.581144610468316
0.0757,2.581144610468316
0.07669999999999999,2.581144610468316
0.07769999999999999,2.581144610468316
0.07869999999999999,2.581144610468316
0.0797,2.581144610468316
0.0807,2.581144610468316
0.0817,2.581144610468316
0.0,13.9392358748511
0.001,13.9392358748511
0.002,13.9392358748511
0.003,13.9392358748511
0.004,13.9392358748511
0.005,13.9392358748511
0.006,13.9392358748511
0.007,13.9392358748511
0.008,13.9392358748511
0.009000000000000001,13.9392358748511
0.01,13.9392358748511
0.011,13.9392358748511
0.012,13.9392358748511
0.013000000000000001,13.9392358748511
0.014,13.9392358748511
0.015,13.9392358748511
0.0167,13.989543636489561
0.0177,13.989543636431012
0.0187,13.989543636372463
0.0197,13.989543636313918
0.0207,13.989543636255373
0.0217,13.989543636196828
0.022699999999999998,13.989543636138285
0.0237,13.989543636079743
0.0247,13.989543636021201
0.0257,13.98954363596266
0.0267,13.989543635904122
0.0277,13.989543635845584
0.0287,13.989543635787046
0.0297,13.98954363572851
0.030699999999999998,13.989543635669975
0.0317,13.98954363561144
0.0327,13.989543635552907
0.0337,0.8256991797965246
0.0347,0.8243682634318391
0.035699999999999996,0.8243682058079604
0.036699999999999997,0.8243682058079604
0.0377,0.8243682058079604
0.0387,0.8243682058079604
0.0397,0.8243682058079604
0.0407,0.8243682058079604
0.0417,0.8243682058079604
0.0427,0.8243682058079604
0.0437,0.8243682058079604
0.044700000000000004,0.8243682058079604
0.045700000000000005,0.8243682058079604
0.0467,0.8243682058079604
0.0477,0.8243682058079604
0.0487,0.8243682058079604
0.0497,0.8243682058079604
0.0507,0.8243682058079604
0.0517,0.8243682058079604
0.052700000000000004,0.8243682058079604
0.0537,0.8243682058079604
0.0547,0.8243682058079604
0.0557,0.8243682058079604
0.0567,0.8243682058079604
0.0577,0.8243682058079604
0.0587,0.8243682058079604
0.0597,0.8243682058079604
0.0607,0.8243682058079604
0.0617,0.8243682058079604
0.0627,0.8243682058079604
0.0637,0.8243682058079604
0.06470000000000001,0.8243682058079604
0.06570000000000001,0.8243682058079604
0.06670000000000001,0.8243682058079604
0.06770000000000001,0.8243682058079604
0.06870000000000001,0.8243682058079604
0.0697,0.8243682058079604
0.0707,0.8243682058079604
0.0717,0.8243682058079604
0.0727,0.8243682058079604
0.0737,0.8243682058079604
0.0747,0.8243682058079604
0.0757,0.8243682058079604
0.07669999999999999,0.8243682058079604
0.07769999999999999,0.8243682058079604
0.07869999999999999,0.8243682058079604
0.0797,0.8243682058079604
0.0807,0.8243682058079604
0.0817,0.8243682058079604
0.0,13.9392358748511
0.001,13.9392358748511
0.002,13.9392358748511
0.003,13.9392358748511
0.004,13.9392358748511
0.005,13.9392358748511
0.006,13.9392358748511
0.007,13.9392358748511
0.008,13.9392358748511
0.009000000000000001,13.9392358748511
0.01,13.9392358748511
0.011,13.9392358748511
0.012,13.9392358748511
0.013000000000000001,13.9392358748511
0.014,13.9392358748511
0.015,13.9392358748511
0.0167,13.989543636489561
0.0177,13.989543636431012
0.0187,13.989543636372463
0.0197,13.989543636313918
0.0207,13.989543636255373
0.0217,13.989543636196828
0.022699999999999998,13.989543636138285
0.0237,13.989543636079743
0.0247,13.989543636021201
0.0257,13.98954363596266
0.0267,13.989543635904122
0.0277,13.989543635845584
0.0287,13.989543635787046
0.0297,13.98954363572851
0.030699999999999998,13.989543635669975
0.0317,13.98954363561144
0.0327,13.989543635552907
0.0337,14.009713189620705
0.0347,14.009716436802373
0.035699999999999996,14.009716436881577
0.036699999999999997,14.00971319290522
0.0377,14.009713194432646
0.0387,14.00971319596023
0.0397,14.00971319748798
0.0407,14.009713199015888
0.0417,14.009713200543962
0.0427,14.009713200543962
0.0437,14.009713200543962
0.044700000000000004,14.009713200543962
0.045700000000000005,14.009713200543962
0.0467,14.009713200543962
0.0477,14.009713200543962
0.0487,14.009713200543962
0.0497,14.009713200543962
0.0507,14.009713200543962
0.0517,14.009713200543962
0.052700000000000004,14.009713200543962
0.0537,14.009713200543962
0.0547,14.009713200543962
0.0557,14.009713200543962
0.0567,14.009713200543962
0.0577,14.009713200543962
0.0587,14.009713200543962
0.0597,14.009713200543962
0.0607,14.009713200543962
0.0617,14.009713200543962
0.0627,14.009713200543962
0.0637,14.009713200543962
0.06470000000000001,14.009713200543962
0.06570000000000001,14.009713200543962
0.06670000000000001,14.009713200543962
0.06770000000000001,14.009713200543962
0.06870000000000001,14.009713200543962
0.0697,14.009713200543962
0.0707,14.009713200543962
0.0717,14.009713200543962
0.0727,14.009713200543962
0.0737,14.009713200543962
0.0747,14.009713200543962
0.0757,14.009713200543962
0.07669999999999999,14.009713200543962
0.07769999999999999,14.009713200543962
0.07869999999999999,14.009713200543962
0.0797,14.009713200543962
0.0807,14.009713200543962
0.0817,14.009713200543962
0.0,13.9392358748511
0.001,13.9392358748511
0.002,13.9392358748511
0.003,13.9392358748511
0.004,13.9392358748511
0.005,13.9392358748511
0.006,13.9392358748511
0.007,13.9392358748511
0.008,13.9392358748511
0.009000000000000001,13.9392358748511
0.01,13.9392358748511
0.011,13.9392358748511
0.012,13.9392358748511
0.013000000000000001,13.9392358748511
0.014,13.9392358748511
0.015,13.9392358748511
0.0167,13.989543636489561
0.0177,13.989543636431012
0.0187,13.989543636372463
0.0197,13.989543636313918
0.0207,13.989543636255373
0.0217,13.989543636196828
0.022699999999999998,13.989543636138285
0.0237,13.989543636079743
0.0247,13.989543636021201
0.0257,13.98954363596266
0.0267,13.989543635904122
0.0277,13.989543635845584
0.0287,13.989543635787046
0.0297,13.98954363572851
0.030699999999999998,13.989543635669975
0.0317,13.98954363561144
0.0327,13.989543635552907
0.0337,14.020988133943426
0.0347,14.020988133943426
0.035699999999999996,14.020988133943426
0.036699999999999997,14.020988133943426
0.0377,14.020988133943426
0.0387,14.020988133943426
0.0397,14.020988133943426
0.0407,14.020988133943426
0.0417,14.020988133943426
0.0427,14.020988133943426
0.0437,14.020988133943426
0.044700000000000004,14.020988133943426
0.045700000000000005,14.020988133943426
0.0467,14.020988133943426
0.0477,14.020988133943426
0.0487,14.020988133943426
0.0497,14.020988133943426
0.0507,14.020988133943426
0.0517,14.020988133943426
0.052700000000000004,14.020988133943426
0.0537,14.020988133943426
0.0547,14.020988133943426
0.0557,14.020988133943426
0.0567,14.020988133943426
0.0577,14.020988133943426
0.0587,14.020988133943426
0.0597,14.020988133943426
0.0607,14.020988133943426
0.0617,14.020988133943426
0.0627,14.020988133943426
0.0637,14.020988133943426
0.06470000000000001,14.020988133943426
0.06570000000000001,14.020988133943426
0.06670000000000001,14.020988133943426
0.06770000000000001,14.020988133943426
0.06870000000000001,14.020988133943426
0.0697,14.020988133943426
0.0707,14.020988133943426
0.0717,14.020988133943426
0.0727,14.020988133943426
0.0737,14.020988133943426
0.0747,14.020988133943426
0.0757,14.020988133943426
0.07669999999999999,14.020988133943426
0.07769999999999999,14.020988133943426
0.07869999999999999,14.020988133943426
0.0797,14.020988133943426
0.0807,14.020988133943426
0.0817,14.020988133943426
0.0,13.9392358748511
0.001,13.9392358748511
0.002,13.9392358748511
0.003,13.9392358748511
0.004,13.9392358748511
0.005,13.9392358748511
0.006,13.9392358748511
0.007,13.9392358748511
0.008,13.9392358748511
0.009000000000000001,13.9392358748511
0.01,13.9392358748511
0.011,13.9392358748511
0.012,13.9392358748511
0.013000000000000001,13.9392358748511
0.014,13.9392358748511
0.015,13.9392358748511
0.0167,13.989543636489561
0.0177,13.989543636431012
0.0187,13.989543636372463
0.0197,13.989543636313918
0.0207,13.989543636255373
0.0217,13.989543636196828
0.022699999999999998,13.989543636138285
0.0237,13.989543636079743
0.0247,13.989543636021201
0.0257,13.98954363596266
0.0267,13.989543635904122
0.0277,13.989543635845584
0.0287,13.989543635787046
0.0297,13.98954363572851
0.030699999999999998,13.989543635669975
0.0317,13.98954363561144
0.0327,13.989543635552907
0.0337,14.020988133962321
0.0347,14.020988133962321
0.035699999999999996,14.020988133962321
0.036699999999999997,14.020988133962321
0.0377,14.020988133962321
0.0387,14.020988133962321
0.0397,14.020988133962321
0.0407,14.020988133962321
0.0417,14.020988133962321
0.0427,14.020988133962321
0.0437,14.020988133962321
0.044700000000000004,14.020988133962321
0.045700000000000005,14.020988133962321
0.0467,14.020988133962321
0.0477,14.020988133962321
0.0487,14.020988133962321
0.0497,14.020988133962321
0.0507,14.020988133962321
0.0517,14.020988133962321
0.052700000000000004,14.020988133962321
0.0537,14.020988133962321
0.0547,14.020988133962321
0.0557,14.020988133962321
0.0567,14.020988133962321
0.0577,14.020988133962321
0.0587,14.020988133962321
0.0597,14.020988133962321
0.0607,14.020988133962321
0.0617,14.020988133962321
0.0627,14.020988133962321
0.0637,14.020988133962321
0.06470000000000001,14.020988133962321
0.06570000000000001,14.020988133962321
0.06670000000000001,14.020988133962321
0.06770000000000001,14.020988133962321
0.06870000000000001,14.020988133962321
0.0697,14.020988133962321
0.0707,14.020988133962321
0.0717,14.020988133962321
0.0727,14.020988133962321
0.0737,14.020988133962321
0.0747,14.020988133962321
0.0757,14.020988133962321
0.07669999999999999,14.020988133962321
0.07769999999999999,14.020988133962321
0.07869999999999999,14.020988133962321
0.0797,14.020988133962321
0.0807,14.020988133962321
0.0817,14.020988133962321
0.0,13.9392358748511
0.001,13.9392358748511
0.002,13.9392358748511
0.003,13.9392358748511
0.004,13.9392358748511
0.005,13.9392358748511
0.006,13.9392358748511
0.007,13.9392358748511
0.008,13.9392358748511
0.009000000000000001,13.9392358748511
0.01,13.9392358748511
0.011,13.9392358748511
0.012,13.9392358748511
0.013000000000000001,13.9392358748511
0.014,13.9392358748511
0.015,13.9392358748511
0.0167,13.989543636489561
0.0177,13.989543636431012
0.0187,13.989543636372463
0.0197,13.989543636313918
0.0207,13.989543636255373
0.0217,13.989543636196828
0.022699999999999998,13.989543636138285
0.0237,13.989543636079743
0.0247,13.989543636021201
0.0257,13.98954363596266
0.0267,13.989543635904122
0.0277,13.989543635845584
0.0287,13.989543635787046
0.0297,13.98954363572851
0.030699999999999998,13.989543635669975
0.0317,13.98954363561144
0.0327,13.989543635552907
0.0337,14.020988135833123
0.0347,14.020988135833123
0.035699999999999996,14.020988135833123
0.036699999999999997,14.020988135833123
0.0377,14.020988135833125
0.0387,14.020988135833125
0.0397,14.020988135833125
0.0407,14.020988135833125
0.0417,14.020988135833125
0.0427,14.020988135833127
0.0437,14.020988135833127
0.044700000000000004,14.020988135833129
0.045700000000000005,14.020988135833129
0.0467,14.020988135833129
0.0477,14.020988135833129
0.0487,14.020988135833129
0.0497,14.02098813583313
0.0507,14.02098813583313
0.0517,14.02098813583313
0.052700000000000004,14.02098813583313
0.0537,14.02098813583313
0.0547,14.020988135833132
0.0557,14.020988135833132
0.0567,14.020988135833132
0.0577,14.020988135833132
0.0587,14.020988135833132
0.0597,14.020988135833134
0.0607,14.020988135833134
0.0617,14.020988135833134
0.0627,14.020988135833136
0.0637,14.020988135833136
0.06470000000000001,14.020988135833136
0.06570000000000001,14.020988135833136
0.06670000000000001,14.020988135833136
0.06770000000000001,14.020988135833138
0.06870000000000001,14.020988135833138
0.0697,14.020988135833138
0.0707,14.020988135833138
0.0717,14.020988135833138
0.0727,14.02098813583314
0.0737,14.02098813583314
0.0747,14.02098813583314
0.0757,14.02098813583314
0.07669999999999999,14.02098813583314
0.07769999999999999,14.020988135833141
0.07869999999999999,14.020988135833141
0.0797,14.020988135833143
0.0807,14.020988135833143
0.0817,14.020988135833143
0.0,13.9392358748511
0.001,13.9392358748511
0.002,13.9392358748511
0.003,13.9392358748511
0.004,13.9392358748511
0.005,13.9392358748511
0.006,13.9392358748511
0.007,13.9392358748511
0.008,13.9392358748511
0.009000000000000001,13.9392358748511
0.01,13.9392358748511
0.011,13.9392358748511
0.012,13.9392358748511
0.013000000000000001,13.9392358748511
0.014,13.9392358748511
0.015,13.9392358748511
0.0167,13.989543636489561
0.0177,13.989543636431012
0.0187,13.989543636372463
0.0197,13.989543636313918
0.0207,13.989543636255373
0.0217,13.989543636196828
0.022699999999999998,13.989543636138285
0.0237,13.989543636079743
0.0247,13.989543636021201
0.0257,13.98954363596266
0.0267,13.989543635904122
0.0277,13.989543635845584
0.0287,13.989543635787046
0.0297,13.98954363572851
0.030699999999999998,13.989543635669975
0.0317,13.98954363561144
0.0327,13.989543635552907
0.0337,14.028254604883424
0.0347,13.98954382490314
0.035699999999999996,14.028254604882544
0.036699999999999997,14.028254604882957
0.0377,14.028254604883365
0.0387,14.028254604883777
0.0397,14.028254604884186
0.0407,14.028254604884598
0.0417,14.028254604885007
0.0427,14.028254604885419
0.0437,14.028254604885827
0.044700000000000004,14.02825460488624
0.045700000000000005,14.028254604886648
0.0467,14.02825460488706
0.0477,14.028254604887469
0.0487,14.02825460488788
0.0497,14.02825460488829
0.0507,14.028254604888701
0.0517,14.02825460488911
0.052700000000000004,14.02825460488952
0.0537,14.02825460488993
0.0547,14.028254604890341
0.0557,14.028254604890751
0.0567,14.028254604891162
0.0577,14.028254604891572
0.0587,14.028254604891982
0.0597,14.028254604892393
0.0607,14.028254604892803
0.0617,14.028254604893213
0.0627,14.028254604893622
0.0637,14.028254604894032
0.06470000000000001,14.028254604894443
0.06570000000000001,14.028254604894853
0.06670000000000001,14.028254604895263
0.06770000000000001,14.028254604895674
0.06870000000000001,14.028254604896084
0.0697,14.028254604896494
0.0707,14.028254604896905
0.0717,14.028254604897315
0.0727,14.028254604897725
0.0737,14.028254604898136
0.0747,14.028254604898544
0.0757,14.028254604898956
0.07669999999999999,14.028254604899365
0.07769999999999999,14.028254604899777
0.07869999999999999,14.028254604900185
0.0797,14.028254604900598
0.0807,14.028254604901006
0.0817,14.028254604901418
0.0,13.9392358748511
0.001,13.9392358748511
0.002,13.9392358748511
0.003,13.9392358748511
0.004,13.9392358748511
0.005,13.9392358748511
0.006,13.9392358748511
0.007,13.9392358748511
0.008,13.9392358748511
0.009000000000000001,13.9392358748511
0.01,13.9392358748511
0.011,13.9392358748511
0.012,13.9392358748511
0.013000000000000001,13.9392358748511
0.014,13.9392358748511
0.015,13.9392358748511
0.0167,14.020988135474314
0.0177,14.020988135474314
0.0187,14.020988135474314
0.0197,14.020988135474314
0.0207,14.020988135474314
0.0217,14.020988135474314
0.022699999999999998,14.020988135474314
0.0237,14.020988135474312
0.0247,14.020988135474312
0.0257,14.020988135474312
0.0267,14.020988135474312
0.0277,14.020988135474312
0.0287,14.020988135474312
0.0297,14.02098813547431
0.030699999999999998,14.02098813547431
0.0317,14.02098813547431
0.0327,14.02098813547431
0.0337,14.02098813547431
0.0347,14.020988135474308
0.035699999999999996,14.020988135474308
0.036699999999999997,14.028254604911586
0.0377,14.028254604911996
0.0387,14.028254604912407
0.0397,14.028254604912817
0.0407,14.028254604912817
0.0417,14.028254604912817
0.0427,14.028254604912817
0.0437,14.028254604912817
0.044700000000000004,14.028254604912817
0.045700000000000005,14.028254604912817
0.0467,14.028254604912817
0.0477,14.028254604912817
0.0487,14.028254604912817
0.0497,14.028254604912817
0.0507,14.028254604912817
0.0517,14.028254604912817
0.052700000000000004,14.028254604912817
0.0537,14.028254604912817
0.0547,14.028254604912817
0.0557,14.028254604912817
0.0567,14.028254604912817
0.0577,14.028254604912817
0.0587,14.028254604912817
0.0597,14.028254604912817
0.0607,14.028254604912817
0.0617,14.028254604912817
0.0627,14.028254604912817
0.0637,14.028254604912817
0.06470000000000001,14.028254604912817
0.06570000000000001,14.028254604912817
0.06670000000000001,14.028254604912817
0.06770000000000001,14.028254604912817
0.06870000000000001,14.028254604912817
0.0697,14.028254604912817
0.0707,14.028254604912817
0.0717,14.028254604912817
0.0727,14.028254604912817
0.0737,14.028254604912817
0.0747,14.028254604912817
0.0757,14.028254604912817
0.07669999999999999,14.028254604912817
0.07769999999999999,14.028254604912817
0.07869999999999999,14.028254604912817
0.0797,14.028254604912817
0.0807,14.028254604912817
0.0817,14.028254604912817
0.0,13.9392358748511
0.001,13.9392358748511
0.002,13.9392358748511
0.003,13.9392358748511
0.004,13.9392358748511
0.005,13.9392358748511
0.006,13.9392358748511
0.007,13.9392358748511
0.008,13.9392358748511
0.009000000000000001,13.9392358748511
0.01,13.9392358748511
0.011,13.9392358748511
0.012,13.9392358748511
0.013000000000000001,13.9392358748511
0.014,13.9392358748511
0.015,13.9392358748511
0.0167,13.989543636489561
0.0177,13.989543636431012
0.0187,13.989543636372463
0.0197,13.989543636313918
0.0207,13.989543636255373
0.0217,13.989543636196828
0.022699999999999998,13.989543636138285
0.0237,13.989543636079743
0.0247,13.989543636021201
0.0257,13.98954363596266
0.0267,13.989543635904122
0.0277,13.989543635845584
0.0287,13.989543635787046
0.0297,13.98954363572851
0.030699999999999998,13.989543635669975
0.0317,13.98954363561144
0.0327,13.989543635552907
0.0337,14.028254604883424
0.0347,13.98954382490314
0.035699999999999996,14.028254604882544
0.036699999999999997,14.028254604882957
0.0377,14.028254604883365
0.0387,14.028254604883777
0.0397,14.028254604884186
0.0407,14.028254604884598
0.0417,14.028254604885007
0.0427,14.028254604885419
0.0437,14.028254604885827
0.044700000000000004,14.02825460488624
0.045700000000000005,14.028254604886648
0.0467,14.02825460488706
0.0477,14.028254604887469
0.0487,14.02825460488788
0.0497,14.02825460488829
0.0507,14.028254604888701
0.0517,14.02825460488911
0.052700000000000004,14.02825460488952
0.0537,14.02825460488993
0.0547,14.028254604890341
0.0557,14.028254604890751
0.0567,14.028254604891162
0.0577,14.028254604891572
0.0587,14.028254604891982
0.0597,14.028254604892393
0.0607,14.028254604892803
0.0617,14.028254604893213
0.0627,14.028254604893622
0.0637,14.028254604894032
0.06470000000000001,14.028254604894443
0.06570000000000001,14.028254604894853
0.06670000000000001,14.028254604895263
0.06770000000000001,14.028254604895674
0.06870000000000001,14.028254604896084
0.0697,14.028254604896494
0.0707,14.028254604896905
0.0717,14.028254604897315
0.0727,14.028254604897725
0.0737,14.028254604898136
0.0747,14.028254604898544
0.0757,14.028254604898956
0.07669999999999999,14.028254604899365
0.07769999999999999,14.028254604899777
0.07869999999999999,14.028254604900185
0.0797,14.028254604900598
0.0807,14.028254604901006
0.0817,14.028254604901418
